31-07-2017,01:21:03	62.94761	-82.01607	34	0	4	3.1	119
31-07-2017,01:24:29	62.94762	-82.01605	38	0	4	3.1	116
31-07-2017,01:27:07	62.94798	-82.01449	74	25.9	3	6.3	96
31-07-2017,01:30:30	62.94760	-82.01610	32	0	4	3.2	111
31-07-2017,01:33:28	62.94762	-82.01608	36	0	4	3.2	113
31-07-2017,01:36:28	62.94761	-82.01613	34	0	4	3.2	147
31-07-2017,01:39:05	62.94757	-82.01640	10	0	3	8.1	145
31-07-2017,01:42:29	62.94762	-82.01612	34	0	4	3.3	163
31-07-2017,01:45:05	62.94755	-82.01632	20	0	4	3.3	150
31-07-2017,01:48:05	62.94753	-82.01648	24	0	3	4.2	134
31-07-2017,01:51:05	62.94757	-82.01637	32	0	3	4.1	125
31-07-2017,01:54:05	62.94764	-82.01628	48	3.7	3	4.1	122
31-07-2017,01:57:36	62.94763	-82.01616	38	0	3	4.1	107
31-07-2017,02:00:05	62.94753	-82.01567	42	0	3	4.0	111
31-07-2017,02:03:06	62.94767	-82.01582	40	0	3	4.0	141
31-07-2017,02:06:08	62.94758	-82.01637	26	0	3	4.0	127
31-07-2017,02:10:02	62.94763	-82.01596	48	0	3	4.0	140
31-07-2017,02:12:09	62.94769	-82.01521	70	0	3	4.0	131
31-07-2017,02:15:09	62.94769	-82.01507	52	0	3	3.4	126
31-07-2017,02:18:09	62.94764	-82.01618	38	0	3	3.4	149
31-07-2017,02:21:33	62.94758	-82.01546	52	0	3	6.2	135
31-07-2017,02:24:07	62.94742	-82.01487	30	0	3	6.3	114
31-07-2017,02:27:40	62.94759	-82.01620	28	0	3	6.4	126
31-07-2017,02:30:04	62.94761	-82.01595	84	0	3	7.0	119
31-07-2017,02:33:47	62.94761	-82.01624	30	0	3	7.2	119
31-07-2017,02:36:42	62.94729	-82.01536	102	0	3	7.4	93
31-07-2017,02:39:48	62.94763	-82.01647	26	0	3	8.1	138
31-07-2017,02:42:49	62.94762	-82.01649	26	0	3	8.3	132
31-07-2017,02:45:10	62.94759	-82.01500	60	14.8	3	8.4	127
31-07-2017,02:49:18	62.94762	-82.01635	28	0	3	9.2	104
31-07-2017,02:51:55	62.94765	-82.01685	20	0	3	9.3	109
31-07-2017,02:55:00	62.94766	-82.01665	22	0	3	10.0	142
31-07-2017,02:57:07	62.94758	-82.01702	24	7.4	3	10.1	129
31-07-2017,03:00:04	62.94762	-82.01605	48	0	3	10.2	126
31-07-2017,03:03:58	62.94763	-82.01669	22	0	3	10.2	180
31-07-2017,03:07:02	62.94766	-82.01674	20	0	3	10.3	167
31-07-2017,03:09:09	62.94768	-82.01721	10	3.7	3	10.2	107
31-07-2017,03:12:07	62.94762	-82.01760	-0	3.7	3	10.2	111
31-07-2017,03:16:00	62.94761	-82.01643	28	0	3	10.1	163
31-07-2017,03:18:08	62.94766	-82.01670	28	0	3	10.0	108
31-07-2017,03:21:59	62.94763	-82.01655	28	0	3	9.4	153
31-07-2017,03:25:54	62.94726	-82.01586	0	0	3	7.2	132
31-07-2017,03:27:09	62.94723	-82.01558	16	14.8	3	8.1	128
31-07-2017,03:33:13	62.94775	-82.01595	70	0	3	11.2	162
31-07-2017,03:36:20	62.94794	-82.01624	76	7.4	3	7.4	149
31-07-2017,03:39:52	62.94764	-82.01610	40	0	3	6.0	133
31-07-2017,03:42:55	62.94764	-82.01604	46	0	3	5.1	112
31-07-2017,03:45:06	62.94783	-82.01612	62	3.7	3	4.4	109
31-07-2017,03:48:05	62.94767	-82.01574	56	3.7	3	4.2	119
31-07-2017,03:51:05	62.94780	-82.01619	54	0	3	4.1	124
31-07-2017,03:54:05	62.94766	-82.01609	44	0	3	4.0	121
31-07-2017,03:57:05	62.94771	-82.01610	46	0	3	4.0	119
31-07-2017,04:00:04	62.94763	-82.01587	54	0	3	4.0	162
31-07-2017,04:03:04	62.94756	-82.01544	68	0	3	4.0	147
31-07-2017,04:06:04	62.94765	-82.01568	60	0	3	4.0	160
31-07-2017,04:09:04	62.94759	-82.01672	-6	0	3	4.1	151
31-07-2017,04:12:05	62.94767	-82.01607	50	0	3	4.2	164
31-07-2017,04:15:34	62.94764	-82.01616	34	0	4	4.2	156
31-07-2017,04:18:05	62.94766	-82.01629	28	0	4	4.3	177
31-07-2017,04:21:35	62.94761	-82.01602	38	0	4	4.3	167
31-07-2017,04:24:05	62.94764	-82.01659	14	0	3	9.4	165
31-07-2017,04:27:06	62.94743	-82.01503	80	0	3	9.0	139
31-07-2017,04:30:35	62.94760	-82.01597	42	0	4	4.4	168
31-07-2017,04:33:05	62.94776	-82.01677	22	0	3	7.3	165
31-07-2017,04:36:07	62.94752	-82.01655	20	3.7	3	7.1	157
31-07-2017,04:39:05	62.94764	-82.01672	24	3.7	3	6.4	165
31-07-2017,04:43:01	62.94769	-82.01636	16	0	4	6.3	156
31-07-2017,04:45:07	62.94791	-82.01689	-46	3.7	4	6.4	134
31-07-2017,04:49:38	62.94763	-82.01625	28	0	4	7.1	160
31-07-2017,04:51:10	62.94759	-82.01604	34	0	3	13.3	123
31-07-2017,04:55:03	62.94765	-82.01657	4	0	4	7.1	130
31-07-2017,04:57:53	62.94765	-82.01623	22	0	4	7.0	169
31-07-2017,05:00:47	62.94763	-82.01620	26	0	4	6.3	171
31-07-2017,05:03:43	62.94763	-82.01615	28	0	4	6.1	193
31-07-2017,05:06:38	62.94763	-82.01620	30	0	4	5.3	184
31-07-2017,05:09:42	62.94761	-82.01604	24	0	3	6.1	131
31-07-2017,05:12:47	62.94733	-82.01541	178	3.7	3	5.4	122
31-07-2017,05:15:21	62.94757	-82.01589	34	3.7	3	5.3	155
31-07-2017,05:18:14	62.94758	-82.01613	40	0	3	5.1	136
31-07-2017,05:21:26	62.94761	-82.01658	42	0	3	4.4	142
31-07-2017,05:25:24	62.94759	-82.01604	36	0	4	4.1	154
31-07-2017,05:27:38	62.94762	-82.01623	24	0	4	4.0	148
31-07-2017,05:30:36	62.94766	-82.01647	4	0	4	3.3	140
31-07-2017,05:33:39	62.94764	-82.01636	8	0	4	3.2	135
31-07-2017,05:36:35	62.94760	-82.01615	30	0	3	4.3	130
31-07-2017,05:39:05	62.94743	-82.01586	38	3.7	3	4.3	112
31-07-2017,05:42:42	62.94763	-82.01614	32	0	3	4.3	108
31-07-2017,05:45:07	62.94759	-82.01584	52	0	2	2.4	110
31-07-2017,05:48:33	62.94761	-82.01627	22	0	3	4.3	134
31-07-2017,05:51:05	62.94745	-82.01571	50	0	3	4.4	141
31-07-2017,05:54:05	62.94768	-82.01587	56	0	3	4.4	120
31-07-2017,05:57:08	62.94761	-82.01617	34	7.4	3	4.4	140
31-07-2017,06:00:35	62.94763	-82.01607	40	0	3	4.4	148
31-07-2017,06:03:07	62.94772	-82.01617	48	0	3	5.0	128
31-07-2017,06:06:37	62.94761	-82.01621	28	0	3	5.0	164
31-07-2017,06:09:05	62.94765	-82.01596	56	0	3	5.0	147
31-07-2017,06:12:04	62.94765	-82.01598	46	0	3	5.1	148
31-07-2017,06:15:04	62.94763	-82.01645	18	0	3	5.1	153
31-07-2017,06:18:06	62.94754	-82.01643	10	0	3	5.2	144
31-07-2017,06:21:08	62.94760	-82.01625	16	3.7	3	5.3	126
31-07-2017,06:24:09	62.94755	-82.01658	-10	0	2	4.3	105
31-07-2017,06:36:29	62.94752	-82.01629	4	0	3	3.0	115
31-07-2017,06:39:06	62.94776	-82.01585	72	0	3	11.4	116
31-07-2017,06:42:53	62.94755	-82.01618	16	0	3	8.1	120
31-07-2017,06:45:06	62.94773	-82.01672	50	0	3	7.1	118
31-07-2017,06:48:06	62.94747	-82.01636	4	0	3	6.1	120
31-07-2017,06:51:38	62.94755	-82.01614	24	0	3	5.2	134
31-07-2017,06:54:05	62.94731	-82.01674	-54	0	3	5.1	120
31-07-2017,06:57:34	62.94754	-82.01619	14	0	3	4.4	122
31-07-2017,07:00:33	62.94755	-82.01618	20	0	3	4.3	114
31-07-2017,07:03:33	62.94756	-82.01606	20	0	3	4.3	113
31-07-2017,07:06:07	62.94756	-82.01585	8	0	3	4.3	105
31-07-2017,07:09:36	62.94756	-82.01588	18	0	3	4.3	110
31-07-2017,07:12:07	62.94757	-82.01611	-4	7.4	3	4.3	105
31-07-2017,07:15:07	62.94760	-82.01575	54	0	3	4.3	108
31-07-2017,07:18:06	62.94758	-82.01680	56	0	3	4.4	118
31-07-2017,07:21:04	62.94747	-82.01590	26	0	3	4.4	149
31-07-2017,07:24:07	62.94757	-82.01689	4	0	3	5.0	177
31-07-2017,07:27:07	62.94755	-82.01646	38	0	3	5.0	172
31-07-2017,07:30:06	62.94755	-82.01697	24	0	3	5.1	177
31-07-2017,07:33:06	62.94765	-82.01573	40	0	3	5.2	176
31-07-2017,07:36:42	62.94759	-82.01632	32	0	4	3.0	174
31-07-2017,07:39:04	62.94751	-82.01733	-46	0	3	9.0	179
31-07-2017,07:42:09	62.94751	-82.01561	66	0	3	9.4	150
31-07-2017,07:45:31	62.94760	-82.01639	30	0	5	2.4	186
31-07-2017,07:48:05	62.94767	-82.01560	74	0	3	11.1	166
31-07-2017,07:51:05	62.94745	-82.01525	80	0	3	11.1	176
31-07-2017,07:54:04	62.94760	-82.01785	-54	0	4	9.3	147
31-07-2017,07:57:04	62.94760	-82.01562	46	3.7	4	8.2	157
31-07-2017,08:00:46	62.94760	-82.01627	28	0	4	7.1	184
31-07-2017,08:03:05	62.94766	-82.01717	-12	0	4	6.3	197
31-07-2017,08:06:05	62.94752	-82.01599	40	0	4	6.0	173
31-07-2017,08:09:47	62.94758	-82.01600	38	0	4	5.2	148
31-07-2017,08:12:05	62.94774	-82.01538	96	0	3	6.4	145
31-07-2017,08:15:52	62.94760	-82.01625	34	0	4	5.0	146
31-07-2017,08:18:06	62.94754	-82.01622	20	3.7	4	4.4	162
31-07-2017,08:21:04	62.94760	-82.01665	16	0	3	5.2	148
31-07-2017,08:24:47	62.94752	-82.01625	16	0	4	4.4	137
31-07-2017,08:27:06	62.94758	-82.01669	16	0	3	5.1	151
31-07-2017,08:30:05	62.94767	-82.01654	28	0	3	5.1	115
31-07-2017,08:33:06	62.94751	-82.01655	30	0	3	5.1	113
31-07-2017,08:36:38	62.94763	-82.01612	40	0	3	5.2	150
31-07-2017,08:39:07	62.94764	-82.01687	32	0	3	5.4	127
31-07-2017,08:43:26	62.94780	-82.01769	-0	0	3	6.2	134
31-07-2017,08:45:09	62.94768	-82.01597	30	3.7	3	6.4	120
31-07-2017,08:49:24	62.94801	-82.01977	-14	0	2	8.1	115
31-07-2017,08:52:55	62.94759	-82.01609	30	3.7	3	9.2	130
31-07-2017,08:54:24	62.94762	-82.01634	34	18.5	3	10.2	108
31-07-2017,08:57:09	62.94769	-82.01561	44	22.2	3	12.3	141
31-07-2017,09:02:40	62.94753	-82.01513	30	0	2	21.0	110
31-07-2017,09:06:49	62.94929	-82.01421	4	0	5	1.1	293
31-07-2017,09:09:07	62.94952	-82.01433	24	3.7	4	1.2	270
31-07-2017,09:12:05	62.94960	-82.01445	0	0	4	1.2	277
31-07-2017,09:15:41	62.94987	-82.01501	-14	0	4	1.2	279
31-07-2017,09:18:05	62.95020	-82.01522	40	0	3	6.3	258
31-07-2017,09:21:04	62.95021	-82.01456	-46	0	3	5.0	264
31-07-2017,09:24:05	62.95015	-82.01450	-62	0	3	4.1	235
31-07-2017,09:27:31	62.95011	-82.01501	-4	0	3	3.3	230
31-07-2017,09:30:04	62.95633	-82.05529	2	66.7	3	3.1	286
31-07-2017,09:33:05	62.96852	-82.11200	-0	66.7	3	3.0	278
31-07-2017,09:36:03	62.98286	-82.16856	-50	63	3	2.4	241
31-07-2017,09:39:04	62.99043	-82.22744	6	59.3	3	2.3	250
31-07-2017,09:42:04	62.99302	-82.23855	-12	0	3	2.2	230
31-07-2017,09:45:02	62.99345	-82.23911	10	0	3	2.2	208
31-07-2017,09:48:21	62.99366	-82.24186	-6	0	3	2.1	273
31-07-2017,09:51:03	62.99380	-82.24428	-20	0	3	2.1	294
31-07-2017,09:55:18	62.99411	-82.24729	0	0	3	2.0	275
31-07-2017,09:57:04	62.99410	-82.24848	-24	0	3	2.0	225
31-07-2017,10:00:22	62.99502	-82.25005	-6	0	3	2.0	278
31-07-2017,10:03:20	62.99549	-82.25096	2	0	3	2.0	262
31-07-2017,10:06:10	62.99579	-82.25196	-16	0	3	2.0	270
31-07-2017,10:09:04	62.99605	-82.25243	-20	0	3	1.4	255
31-07-2017,10:14:49	62.99717	-82.25445	2	0	3	1.4	248
31-07-2017,10:15:02	62.99726	-82.25454	-2	0	3	1.4	220
31-07-2017,10:20:05	62.99833	-82.25721	4	0	3	1.4	185
31-07-2017,10:21:03	62.99867	-82.25807	6	0	3	1.4	232
31-07-2017,10:24:05	62.99891	-82.25976	6	29.6	3	1.3	322
31-07-2017,10:27:03	63.01589	-82.30638	-2	55.6	3	1.3	285
31-07-2017,10:30:16	63.02312	-82.33615	4	0	3	1.3	311
31-07-2017,10:33:05	63.02328	-82.33702	-8	0	2	3.3	282
31-07-2017,10:37:11	63.02299	-82.33904	-2	0	3	1.3	292
31-07-2017,10:39:05	63.02300	-82.34044	-12	0	3	1.3	283
31-07-2017,10:42:46	63.02272	-82.34320	-2	0	3	1.3	334
31-07-2017,10:45:05	63.02316	-82.34462	4	0	2	2.2	272
31-07-2017,10:49:51	63.02326	-82.34863	-4	0	3	1.4	331
31-07-2017,10:51:17	63.02346	-82.34963	-18	0	3	1.4	283
31-07-2017,10:54:08	63.02386	-82.35125	-6	0	3	1.4	254
31-07-2017,10:57:05	63.02423	-82.35232	-4	0	2	2.3	281
31-07-2017,11:00:50	63.02474	-82.35366	-0	0	3	3.1	308
31-07-2017,11:03:05	63.02504	-82.35507	8	0	3	3.0	232
31-07-2017,11:06:49	63.02544	-82.35793	-6	0	3	3.0	330
31-07-2017,11:09:29	63.02586	-82.35990	0	0	3	3.0	306
31-07-2017,11:12:05	63.03121	-82.38019	30	59.3	3	3.0	307
31-07-2017,11:17:58	63.03564	-82.39368	-2	7.4	3	3.1	208
31-07-2017,11:18:04	63.03571	-82.39378	8	0	3	3.1	296
31-07-2017,11:23:31	63.03580	-82.39593	-4	0	6	1.0	343
31-07-2017,11:24:03	63.03588	-82.39649	-10	0	6	1.0	303
31-07-2017,11:29:53	63.03597	-82.39921	4	0	6	1.0	288
31-07-2017,11:30:02	63.03598	-82.39923	0	0	5	1.0	290
31-07-2017,11:33:05	63.03627	-82.39918	-10	0	4	1.1	293
31-07-2017,11:36:03	63.03647	-82.40002	-22	0	5	1.1	271
31-07-2017,11:39:04	63.02415	-82.34605	0	70.4	6	1.0	342
31-07-2017,11:42:04	63.01044	-82.27554	-8	77.8	4	1.1	336
31-07-2017,11:45:01	62.99883	-82.20076	-10	81.5	3	2.3	164
31-07-2017,11:48:05	62.98460	-82.12218	4	77.8	4	1.1	307
31-07-2017,11:51:03	62.96857	-82.05081	46	81.5	4	2.3	216
31-07-2017,11:54:06	62.94745	-82.01744	-52	3.7	3	6.2	132
31-07-2017,11:57:04	62.95558	-82.04666	12	63	6	0.4	277
31-07-2017,12:00:02	62.97022	-82.09982	4	51.9	3	2.3	134
31-07-2017,12:03:04	62.98170	-82.15773	0	48.2	5	1.0	309
31-07-2017,12:06:03	63.00009	-82.20252	-6	59.3	4	1.4	313
31-07-2017,12:09:03	63.01634	-82.25362	6	66.7	5	1.0	307
31-07-2017,12:12:03	63.03122	-82.30356	0	55.6	5	1.0	302
31-07-2017,12:15:03	63.03701	-82.35891	-4	55.6	6	0.4	339
31-07-2017,12:18:04	63.03760	-82.37282	-0	0	3	3.1	242
31-07-2017,12:21:05	63.03806	-82.37440	10	0	4	2.2	301
31-07-2017,12:25:12	63.03781	-82.37748	-14	0	5	1.0	340
31-07-2017,12:27:05	63.03805	-82.37914	-2	0	5	1.0	298
31-07-2017,12:30:24	63.03783	-82.38158	2	0	5	1.4	334
31-07-2017,12:33:09	63.03809	-82.38362	2	29.6	3	3.4	202
31-07-2017,12:36:04	63.03841	-82.38570	8	0	4	2.3	279
31-07-2017,12:39:03	63.03585	-82.40606	30	0	4	2.2	274
31-07-2017,12:43:38	63.03585	-82.40765	-0	0	4	2.1	330
31-07-2017,12:45:04	63.03597	-82.40874	6	0	4	2.1	270
31-07-2017,12:49:28	63.03637	-82.40960	-8	0	4	2.0	330
31-07-2017,12:51:05	63.03669	-82.41034	-8	0	3	2.3	332
31-07-2017,12:55:40	63.03753	-82.41261	-6	0	4	1.4	316
31-07-2017,12:57:06	63.03788	-82.41337	-0	0	3	2.2	305
31-07-2017,13:01:52	63.03861	-82.41460	-12	0	4	1.3	291
31-07-2017,13:03:05	63.03915	-82.41524	-2	3.7	3	2.2	324
31-07-2017,13:06:04	63.03980	-82.41603	-2	0	3	2.1	311
31-07-2017,13:09:05	63.04043	-82.41661	-38	0	3	2.1	317
31-07-2017,13:14:42	63.04154	-82.41780	-4	0	3	2.0	266
31-07-2017,13:15:05	63.04166	-82.41792	-12	3.7	3	2.0	333
31-07-2017,13:20:56	63.04283	-82.41896	-10	0	3	2.0	318
31-07-2017,13:21:04	63.04297	-82.41908	-6	0	3	2.0	294
31-07-2017,13:27:29	63.04412	-82.42027	-10	0	3	2.0	323
31-07-2017,13:30:10	63.04483	-82.42132	-24	3.7	3	1.4	318
31-07-2017,13:34:30	63.04549	-82.42164	-20	0	3	1.4	315
31-07-2017,13:36:31	63.04615	-82.42194	-12	0	4	2.0	309
31-07-2017,13:40:32	63.04646	-82.42361	-2	3.7	4	1.4	304
31-07-2017,13:42:04	63.04679	-82.42429	10	0	4	1.4	211
31-07-2017,13:45:03	63.04731	-82.42618	-6	3.7	4	2.0	187
31-07-2017,13:49:34	63.04827	-82.42719	0	0	4	2.0	341
31-07-2017,13:51:04	63.04834	-82.42647	48	0	3	2.2	229
31-07-2017,13:54:02	63.04885	-82.42626	20	0	4	2.0	187
31-07-2017,13:57:04	63.03681	-82.37368	92	81.5	3	6.2	362
31-07-2017,14:00:06	63.02132	-82.30471	12	70.4	4	2.0	358
31-07-2017,14:03:05	63.00568	-82.23834	26	77.8	2	2.1	249
31-07-2017,14:06:04	62.98864	-82.16836	-24	81.5	4	2.0	248
31-07-2017,14:09:06	62.97397	-82.08925	6	81.5	4	2.0	236
31-07-2017,14:12:04	62.95375	-82.02120	-4	74.1	3	6.0	302
31-07-2017,14:15:05	62.94769	-82.01646	28	0	3	6.3	199
31-07-2017,14:18:03	62.96419	-82.04914	4	40.7	4	2.1	200
31-07-2017,14:21:05	62.98356	-82.08063	0	51.9	4	2.1	345
31-07-2017,14:24:07	62.99707	-82.09958	-14	3.7	3	8.3	315
31-07-2017,14:27:04	62.99665	-82.09750	4	0	3	3.2	320
31-07-2017,14:30:45	62.99724	-82.09822	-12	0	4	2.1	345
31-07-2017,14:33:04	62.99730	-82.09782	-16	0	4	2.2	213
31-07-2017,14:37:18	62.99756	-82.09729	-6	0	4	2.2	356
31-07-2017,14:39:04	62.99763	-82.09707	8	0	3	3.0	291
31-07-2017,14:42:05	62.99770	-82.09648	-18	0	4	2.3	331
31-07-2017,14:45:04	62.99743	-82.09542	0	0	4	2.3	343
31-07-2017,14:48:04	62.99723	-82.09436	-8	0	4	2.3	326
31-07-2017,14:54:17	62.99734	-82.09409	-6	0	4	2.4	359
31-07-2017,14:57:06	62.99754	-82.09396	-14	7.4	3	3.3	259
31-07-2017,15:02:20	62.99775	-82.09349	-8	0	4	1.4	328
31-07-2017,15:03:02	62.99760	-82.09349	-14	0	4	1.4	305
31-07-2017,15:06:03	62.99787	-82.09376	26	0	4	1.4	316
31-07-2017,15:10:39	62.99812	-82.09304	-0	0	4	1.4	348
31-07-2017,15:12:04	62.99812	-82.09308	-4	0	4	1.4	321
31-07-2017,15:15:04	62.99820	-82.09291	-22	0	4	1.4	298
31-07-2017,15:18:06	62.99771	-82.09165	6	0	3	3.3	320
31-07-2017,15:21:02	63.00598	-82.12296	2	55.6	4	2.0	195
31-07-2017,15:24:04	63.00920	-82.13502	4	0	3	3.0	262
31-07-2017,15:27:37	63.00926	-82.13512	-4	0	4	2.0	331
31-07-2017,15:30:03	63.00902	-82.13488	4	3.7	3	2.3	265
31-07-2017,15:35:00	63.00916	-82.13468	-6	0	3	2.3	348
31-07-2017,15:36:04	63.00902	-82.13482	-4	0	3	2.3	316
31-07-2017,15:39:04	63.00887	-82.13497	-22	0	3	2.3	323
31-07-2017,15:42:21	63.00868	-82.13552	-2	0	3	2.3	282
31-07-2017,15:45:06	63.00843	-82.13622	-2	0	3	2.3	340
31-07-2017,15:48:04	63.00768	-82.13597	8	0	3	2.3	287
31-07-2017,15:51:03	63.00727	-82.13528	-6	0	3	2.3	320
31-07-2017,15:54:11	63.00691	-82.13448	-10	0	3	2.4	330
31-07-2017,15:57:03	63.01104	-82.16978	-22	55.6	3	2.4	310
31-07-2017,16:00:49	63.02108	-82.22060	-6	0	5	2.1	316
31-07-2017,16:05:00	63.02099	-82.22100	0	0	5	2.0	329
31-07-2017,16:06:04	63.02082	-82.22085	12	0	5	2.0	310
31-07-2017,16:10:39	63.02067	-82.22134	-2	0	5	2.0	310
31-07-2017,16:12:05	63.02069	-82.22058	18	0	4	5.3	304
31-07-2017,16:15:04	63.01011	-82.20326	6	74.1	5	2.0	359
31-07-2017,16:18:04	62.99753	-82.12699	-36	74.1	4	4.3	364
31-07-2017,16:21:05	62.97345	-82.06306	-12	88.9	4	4.0	358
31-07-2017,16:24:05	62.94760	-82.01065	32	74.1	4	3.3	336
31-07-2017,16:27:05	62.95007	-82.01796	-12	55.6	4	3.1	334
31-07-2017,16:30:04	62.96538	-82.05899	0	55.6	4	3.0	299
31-07-2017,16:33:03	62.98450	-82.08737	18	55.6	4	2.4	246
31-07-2017,16:36:05	63.00152	-82.13133	-0	0	3	3.2	276
31-07-2017,16:40:23	63.00179	-82.13004	-2	0	4	2.2	301
31-07-2017,16:42:03	63.00176	-82.12904	56	0	3	2.2	155
31-07-2017,16:46:26	63.00192	-82.12873	-4	0	4	2.1	288
31-07-2017,16:48:03	63.00192	-82.12863	0	0	3	2.1	182
31-07-2017,16:51:21	63.00178	-82.12781	0	0	4	2.0	283
31-07-2017,16:54:02	63.00154	-82.12737	24	0	3	2.0	160
31-07-2017,16:57:03	63.00119	-82.12668	0	0	3	2.0	205
31-07-2017,17:00:03	63.00091	-82.12677	-46	0	4	2.0	274
31-07-2017,17:03:38	63.00103	-82.12651	-0	0	4	2.0	342
31-07-2017,17:06:08	63.00077	-82.12682	-40	0	3	2.1	224
31-07-2017,17:11:21	62.99983	-82.12688	-4	0	4	2.1	327
31-07-2017,17:12:03	62.99974	-82.12712	-10	0	4	2.1	355
31-07-2017,17:15:03	62.99941	-82.12699	6	3.7	3	2.2	290
31-07-2017,17:19:49	62.99851	-82.12707	-4	0	4	2.2	354
31-07-2017,17:21:05	62.99834	-82.12702	8	0	4	2.2	332
31-07-2017,17:24:04	62.99801	-82.12759	6	0	4	2.2	341
31-07-2017,17:27:05	62.99759	-82.12707	-2	0	4	2.3	351
31-07-2017,17:30:03	62.99487	-82.17144	14	48.2	4	2.3	305
31-07-2017,17:33:04	62.99937	-82.22767	-2	59.3	3	3.0	256
31-07-2017,17:36:05	63.00390	-82.28037	6	51.9	4	3.0	374
31-07-2017,17:39:04	63.00629	-82.30052	8	0	4	3.0	296
31-07-2017,17:42:05	63.00646	-82.29925	-18	0	4	3.1	346
31-07-2017,17:47:22	63.00693	-82.29857	-8	0	4	3.2	348
31-07-2017,17:48:04	63.00708	-82.29841	-12	0	3	3.3	306
31-07-2017,17:53:52	63.00728	-82.29805	-0	0	3	3.3	336
31-07-2017,17:54:05	63.00726	-82.29783	12	0	3	3.3	340
31-07-2017,18:00:20	63.00793	-82.29722	-2	0	3	3.4	349
31-07-2017,18:07:33	63.00835	-82.29642	-4	0	7	0.4	340
31-07-2017,18:09:04	63.00865	-82.29615	-2	0	4	1.3	334
31-07-2017,18:12:02	63.00855	-82.29487	-34	0	6	1.3	297
31-07-2017,18:15:04	63.01651	-82.34023	-6	55.6	7	0.4	372
31-07-2017,18:18:04	63.01948	-82.35042	6	0	4	6.3	153
31-07-2017,18:24:05	63.01968	-82.35021	-0	0	5	1.0	295
31-07-2017,18:30:23	63.01993	-82.35092	-0	0	7	1.0	325
31-07-2017,18:33:03	63.02008	-82.35130	-24	0	4	2.2	317
31-07-2017,18:36:50	63.02058	-82.35113	2	0	6	1.1	283
31-07-2017,18:39:05	63.02106	-82.35107	-4	3.7	7	1.1	323
31-07-2017,18:43:39	63.02146	-82.35132	-12	0	7	1.1	322
31-07-2017,18:45:04	63.02178	-82.35171	-6	0	6	1.1	281
31-07-2017,18:50:15	63.02236	-82.35254	-8	0	5	1.3	235
31-07-2017,18:51:03	63.02248	-82.35277	2	0	6	1.1	298
31-07-2017,18:57:12	63.02278	-82.35399	-6	0	6	1.1	348
31-07-2017,19:00:07	63.02301	-82.35464	-8	0	5	1.2	267
31-07-2017,19:03:04	63.02328	-82.35451	-0	0	5	1.2	308
31-07-2017,19:06:03	63.02334	-82.35434	-10	0	4	2.4	304
31-07-2017,19:10:18	63.02376	-82.35585	-26	0	6	1.1	336
31-07-2017,19:12:03	63.02389	-82.35644	0	0	4	2.0	221
31-07-2017,19:16:31	63.02395	-82.35739	8	0	6	1.1	322
31-07-2017,19:18:04	63.02399	-82.35775	6	0	5	1.2	310
31-07-2017,19:23:43	63.02379	-82.35890	-18	0	5	1.2	347
31-07-2017,19:24:02	63.02372	-82.35901	-60	0	4	1.2	263
31-07-2017,19:30:44	63.02394	-82.36043	-2	0	5	1.2	323
31-07-2017,19:33:04	63.02392	-82.36125	0	0	4	5.2	265
31-07-2017,19:37:50	63.02444	-82.36182	-10	0	5	1.2	254
31-07-2017,19:39:02	63.02463	-82.36234	-8	0	5	1.2	247
31-07-2017,19:45:03	63.02524	-82.36267	-8	0	4	1.4	287
31-07-2017,19:48:07	63.02516	-82.36288	16	0	4	7.0	310
31-07-2017,19:51:04	63.02626	-82.36250	14	0	5	1.2	317
31-07-2017,19:54:05	63.02652	-82.36293	-16	0	5	1.2	319
31-07-2017,19:58:53	63.02726	-82.36350	-2	0	5	1.2	322
31-07-2017,20:00:04	63.02774	-82.36374	-14	0	4	6.4	295
31-07-2017,20:06:16	63.02845	-82.36390	-12	0	5	1.1	355
31-07-2017,20:09:05	63.02923	-82.36458	-12	0	4	6.1	328
31-07-2017,20:13:51	63.02984	-82.36409	0	0	5	1.1	267
31-07-2017,20:15:04	63.02980	-82.36414	28	0	3	11.4	359
31-07-2017,20:21:46	63.03108	-82.36425	-2	0	5	1.1	351
31-07-2017,20:24:05	63.03208	-82.36371	-116	0	3	10.1	333
31-07-2017,20:27:06	63.03188	-82.36314	-104	0	3	9.3	331
31-07-2017,20:30:04	63.03214	-82.36402	-132	0	3	9.1	326
31-07-2017,20:33:06	63.02183	-82.32268	-20	74.1	3	8.4	338
31-07-2017,20:36:07	63.00540	-82.25163	-4	74.1	3	8.2	303
31-07-2017,20:39:07	62.99786	-82.17807	-30	66.7	3	8.0	302
31-07-2017,20:42:06	62.98186	-82.11213	34	74.1	3	7.4	311
31-07-2017,20:45:07	62.96006	-82.04172	16	88.9	3	7.3	306
31-07-2017,20:49:12	62.94764	-82.01622	34	0	3	4.3	137
31-07-2017,20:54:16	62.94760	-82.01624	46	0	3	4.4	108
31-07-2017,21:01:26	62.94769	-82.01620	38	0	3	4.3	109
31-07-2017,21:06:20	62.94751	-82.01630	12	0	3	12.0	76
31-07-2017,21:09:48	62.94780	-82.01593	56	0	3	8.4	72
31-07-2017,21:12:47	62.94763	-82.01601	42	0	3	7.1	101
31-07-2017,21:15:43	62.94767	-82.01596	50	0	3	6.2	107
31-07-2017,21:19:04	62.94750	-82.01620	0	0	3	5.3	87
31-07-2017,21:21:55	62.94761	-82.01611	30	0	3	5.1	89
31-07-2017,21:24:47	62.94763	-82.01611	34	0	3	5.0	87
31-07-2017,21:27:46	62.94767	-82.01575	64	0	3	4.4	85
31-07-2017,21:30:41	62.94763	-82.01572	60	0	2	3.0	72
31-07-2017,21:33:45	62.94765	-82.01585	58	0	3	4.2	81
31-07-2017,21:38:01	62.94772	-82.01564	60	0	3	2.1	81
31-07-2017,21:41:54	62.94730	-82.01730	-40	7.4	3	4.1	86
31-07-2017,21:42:26	62.94758	-82.01742	-40	0	2	3.0	77
31-07-2017,21:46:01	62.94763	-82.01577	54	0	3	4.1	98
31-07-2017,21:48:42	62.94762	-82.01600	40	0	3	4.1	93
31-07-2017,21:51:51	62.94756	-82.01645	12	0	3	4.1	82
31-07-2017,21:54:52	62.94760	-82.01581	44	0	3	4.1	103
31-07-2017,21:58:02	62.94766	-82.01576	50	0	2	3.0	91
31-07-2017,22:00:48	62.94764	-82.01596	46	0	3	4.1	100
31-07-2017,22:04:52	62.94764	-82.01529	52	0	3	4.1	77
31-07-2017,22:08:10	62.94760	-82.01571	56	3.7	3	4.1	91
31-07-2017,22:09:52	62.94767	-82.01568	52	0	3	4.1	118
31-07-2017,22:13:44	62.94766	-82.01571	50	0	3	4.1	119
31-07-2017,22:54:08	62.94766	-82.01616	34	0	3	5.2	102
31-07-2017,22:58:20	62.94758	-82.01665	6	0	3	4.4	87
31-07-2017,23:00:40	62.94756	-82.01634	30	0	2	3.4	111
31-07-2017,23:03:46	62.94765	-82.01601	36	0	2	3.2	111
31-07-2017,23:06:35	62.94762	-82.01615	36	0	3	4.2	109
31-07-2017,23:09:50	62.94765	-82.01613	38	0	3	4.2	110
31-07-2017,23:29:02	62.94763	-82.01606	36	0	3	6.0	123
31-07-2017,23:30:09	62.94763	-82.01610	30	7.4	3	5.4	120
31-07-2017,23:33:46	62.94762	-82.01621	32	3.7	3	5.2	100
31-07-2017,23:36:10	62.94764	-82.01640	30	0	3	5.0	124
31-07-2017,23:40:07	62.94763	-82.01599	38	0	3	4.4	113
31-07-2017,23:43:13	62.94762	-82.01582	42	0	2	11.1	117
31-07-2017,23:46:00	62.94759	-82.01626	32	0	3	4.2	122
31-07-2017,23:48:36	62.94761	-82.01606	38	0	3	4.2	126
31-07-2017,23:51:44	62.94764	-82.01586	46	0	3	4.1	130
31-07-2017,23:55:40	62.94764	-82.01595	40	0	3	4.1	133
31-07-2017,23:57:36	62.94762	-82.01601	30	0	4	3.1	136
01-08-2017,00:00:35	62.94761	-82.01613	36	0	4	3.1	130
01-08-2017,00:03:45	62.94764	-82.01612	42	0	4	3.0	118
01-08-2017,00:06:47	62.94765	-82.01612	42	0	3	4.1	112
01-08-2017,00:09:41	62.94755	-82.01581	32	0	3	4.4	106
01-08-2017,00:12:36	62.94759	-82.01601	18	0	3	5.4	102
01-08-2017,00:16:04	62.94762	-82.01606	38	0	3	8.3	120
01-08-2017,00:19:26	62.94723	-82.01605	-58	0	2	7.4	117
01-08-2017,00:27:38	62.94748	-82.01625	2	0	4	7.2	155
01-08-2017,00:30:53	62.94743	-82.01643	-2	0	4	6.4	120
01-08-2017,00:33:55	62.94755	-82.01613	26	0	4	6.1	112
01-08-2017,00:36:27	62.94779	-82.01585	68	0	4	5.3	115
01-08-2017,00:39:12	62.94790	-82.01497	134	0	3	15.2	106
01-08-2017,00:43:02	62.94747	-82.01635	12	0	4	4.3	111
01-08-2017,00:45:34	62.94764	-82.01604	34	0	4	4.2	121
01-08-2017,00:48:11	62.94769	-82.01551	64	0	3	9.4	103
01-08-2017,00:51:10	62.94751	-82.01636	12	0	3	9.1	99
01-08-2017,00:54:36	62.94756	-82.01629	22	0	4	3.3	148
01-08-2017,00:57:30	62.94776	-82.01588	64	0	3	8.1	122
01-08-2017,01:00:40	62.94758	-82.01632	22	0	4	3.2	132
01-08-2017,01:03:08	62.94754	-82.01681	-20	7.4	3	7.4	122
01-08-2017,01:07:22	62.94751	-82.01586	42	0	4	3.2	85
01-08-2017,01:09:51	62.94768	-82.01587	46	0	4	3.1	105
01-08-2017,01:12:54	62.94758	-82.01622	28	0	3	7.1	140
01-08-2017,01:16:16	62.94762	-82.01564	42	0	3	7.0	136
01-08-2017,01:18:55	62.94758	-82.01627	28	0	4	3.1	146
01-08-2017,01:21:05	62.94741	-82.01670	-28	0	3	10.2	135
01-08-2017,01:24:28	62.94761	-82.01627	26	0	4	3.1	138
01-08-2017,01:27:27	62.94761	-82.01619	30	0	4	3.2	155
01-08-2017,01:30:28	62.94762	-82.01610	36	0	4	3.2	137
01-08-2017,01:33:06	62.94756	-82.01636	-0	0	3	8.2	129
01-08-2017,01:36:29	62.94761	-82.01609	36	0	4	3.3	129
01-08-2017,01:40:18	62.94766	-82.01673	-8	0	3	4.2	136
01-08-2017,01:42:31	62.94757	-82.01614	26	0	4	3.3	142
01-08-2017,01:45:37	62.94760	-82.01612	32	0	3	4.1	100
01-08-2017,01:48:58	62.94761	-82.01621	38	0	3	4.1	130
01-08-2017,01:51:55	62.94762	-82.01609	36	0	3	4.1	100
01-08-2017,01:55:30	62.94763	-82.01609	38	0	3	4.0	122
01-08-2017,01:57:39	62.94763	-82.01618	40	0	3	4.0	131
01-08-2017,02:01:10	62.94759	-82.01645	16	0	3	4.0	114
01-08-2017,02:03:20	62.94769	-82.01557	72	0	3	4.0	120
01-08-2017,02:06:52	62.94765	-82.01623	34	0	3	4.0	90
01-08-2017,02:09:42	62.94759	-82.01625	34	0	3	4.0	129
01-08-2017,02:13:04	62.94763	-82.01607	38	0	2	5.0	129
01-08-2017,02:50:48	62.94760	-82.01626	24	0	3	10.0	123
01-08-2017,02:51:07	62.94752	-82.01553	8	22.2	3	10.0	108
01-08-2017,02:55:10	62.94764	-82.01487	56	11.1	3	10.1	112
01-08-2017,02:59:06	62.94758	-82.01549	40	3.7	3	10.2	113
01-08-2017,03:00:49	62.94760	-82.01611	38	0	3	10.2	165
01-08-2017,03:04:22	62.94764	-82.01633	24	0	3	10.2	120
01-08-2017,03:07:27	62.94766	-82.01636	32	0	2	5.2	140
01-08-2017,03:11:15	62.94761	-82.01630	26	0	3	10.1	143
01-08-2017,03:12:47	62.94787	-82.01727	34	3.7	3	10.1	123
01-08-2017,03:16:50	62.94752	-82.01556	50	3.7	3	9.4	105
01-08-2017,03:46:48	62.94761	-82.01616	32	0	3	4.1	104
01-08-2017,03:48:42	62.94764	-82.01614	32	0	3	4.0	105
01-08-2017,03:51:51	62.94763	-82.01628	26	0	3	4.0	110
01-08-2017,03:54:55	62.94765	-82.01616	34	0	3	4.0	126
01-08-2017,03:57:39	62.94770	-82.01614	42	0	3	4.0	125
01-08-2017,04:00:37	62.94766	-82.01627	30	0	3	4.0	155
01-08-2017,04:03:08	62.94778	-82.01726	2	3.7	3	4.1	145
01-08-2017,04:06:10	62.94761	-82.01631	24	3.7	3	4.1	122
01-08-2017,04:09:54	62.94764	-82.01623	34	0	4	4.1	138
01-08-2017,04:12:06	62.94770	-82.01628	28	0	4	4.2	142
01-08-2017,04:15:38	62.94767	-82.01631	30	0	4	4.3	148
01-08-2017,04:18:08	62.94789	-82.01809	-50	14.8	3	10.2	120
01-08-2017,04:21:45	62.94767	-82.01622	34	0	4	4.4	118
01-08-2017,04:24:39	62.94750	-82.01602	46	0	4	4.4	131
01-08-2017,04:27:35	62.94758	-82.01610	34	0	4	4.4	138
01-08-2017,04:30:37	62.94765	-82.01617	26	0	4	4.4	111
01-08-2017,04:33:41	62.94762	-82.01618	30	0	4	4.4	113
01-08-2017,04:48:30	62.94762	-82.01644	14	0	3	11.4	122
01-08-2017,04:53:08	62.94750	-82.01585	88	0	3	8.2	112
01-08-2017,04:55:16	62.94767	-82.01607	10	0	2	3.3	124
01-08-2017,05:07:12	62.94762	-82.01629	28	0	3	6.0	133
01-08-2017,05:09:17	62.94767	-82.01605	6	3.7	3	5.4	118
01-08-2017,05:12:12	62.94755	-82.01543	50	0	3	5.2	117
01-08-2017,05:15:20	62.94761	-82.01599	48	3.7	3	5.0	123
01-08-2017,05:21:48	62.94761	-82.01611	42	0	3	4.4	110
01-08-2017,05:24:06	62.94752	-82.01638	12	0	3	4.3	110
01-08-2017,05:27:34	62.94762	-82.01619	32	0	3	4.3	112
01-08-2017,05:30:06	62.94763	-82.01561	88	0	3	4.3	132
01-08-2017,05:33:05	62.94771	-82.01648	8	0	3	4.3	116
01-08-2017,05:36:05	62.94747	-82.01605	24	0	3	4.3	114
01-08-2017,05:39:39	62.94764	-82.01629	24	0	3	4.3	108
01-08-2017,05:42:40	62.94760	-82.01616	30	0	3	4.3	108
01-08-2017,05:45:41	62.94761	-82.01609	40	0	3	4.3	121
01-08-2017,05:48:06	62.94774	-82.01665	22	0	3	4.4	115
01-08-2017,05:51:40	62.94763	-82.01606	40	0	3	4.4	119
01-08-2017,05:54:40	62.94760	-82.01599	46	0	3	4.4	106
01-08-2017,05:57:40	62.94760	-82.01627	26	0	3	4.4	110
01-08-2017,06:00:45	62.94763	-82.01605	44	0	3	5.0	128
01-08-2017,06:03:06	62.94761	-82.01629	26	3.7	3	5.0	136
01-08-2017,06:06:08	62.94762	-82.01655	4	0	2	3.3	130
01-08-2017,06:09:42	62.94761	-82.01614	34	0	3	5.1	132
01-08-2017,06:12:42	62.94765	-82.01600	48	0	3	5.2	132
01-08-2017,06:15:09	62.94762	-82.01612	38	0	2	4.1	140
01-08-2017,06:35:05	62.94753	-82.01629	8	0	3	11.4	107
01-08-2017,06:36:07	62.94712	-82.01715	-124	3.7	3	10.2	113
01-08-2017,06:39:48	62.94757	-82.01618	20	0	3	7.4	111
01-08-2017,06:42:49	62.94757	-82.01617	22	0	3	6.2	108
01-08-2017,06:45:05	62.94785	-82.01622	94	0	3	5.4	112
01-08-2017,06:48:44	62.94756	-82.01610	26	0	3	5.1	111
01-08-2017,06:51:43	62.94756	-82.01620	20	0	3	5.0	118
01-08-2017,06:54:07	62.94750	-82.01578	24	0	3	4.4	136
01-08-2017,06:57:04	62.94745	-82.01620	24	0	3	4.3	119
01-08-2017,07:00:39	62.94761	-82.01613	30	0	3	4.3	121
01-08-2017,07:03:06	62.94758	-82.01516	56	0	3	4.3	156
01-08-2017,07:06:08	62.94763	-82.01586	30	0	3	4.3	135
01-08-2017,07:09:15	62.94763	-82.01615	40	3.7	3	4.3	133
01-08-2017,07:12:40	62.94760	-82.01610	32	0	3	4.4	135
01-08-2017,07:15:07	62.94757	-82.01687	-10	3.7	3	4.4	131
01-08-2017,07:19:01	62.94760	-82.01601	38	0	5	2.3	158
01-08-2017,07:21:06	62.94743	-82.01517	104	0	3	4.3	167
01-08-2017,07:24:20	62.94761	-82.01610	32	0	5	2.4	161
01-08-2017,07:27:23	62.94756	-82.01603	38	0	5	2.4	147
01-08-2017,07:30:32	62.94759	-82.01604	32	0	5	3.0	101
01-08-2017,07:33:09	62.94751	-82.01446	150	18.5	4	6.3	132
01-08-2017,07:36:35	62.94761	-82.01621	30	0	5	3.0	149
01-08-2017,07:39:24	62.94758	-82.01618	30	0	5	2.4	151
01-08-2017,07:42:20	62.94761	-82.01642	18	0	5	2.4	162
01-08-2017,07:45:04	62.94765	-82.01624	32	0	3	3.2	176
01-08-2017,07:48:28	62.94761	-82.01589	42	0	5	2.4	147
01-08-2017,07:51:05	62.94758	-82.01472	118	0	4	9.0	145
01-08-2017,07:54:56	62.94760	-82.01626	28	0	4	7.3	185
01-08-2017,07:57:05	62.94776	-82.01486	88	0	3	7.3	146
01-08-2017,08:00:48	62.94760	-82.01632	30	0	4	6.1	136
01-08-2017,08:03:05	62.94767	-82.01524	78	0	4	5.4	173
01-08-2017,08:06:47	62.94764	-82.01617	32	0	4	5.1	144
01-08-2017,08:09:43	62.94762	-82.01606	38	0	4	5.0	135
01-08-2017,08:12:06	62.94766	-82.01678	20	0	3	12.2	137
01-08-2017,08:15:10	62.94761	-82.01610	36	25.9	3	12.4	118
01-08-2017,08:18:43	62.94761	-82.01629	22	0	4	4.4	114
01-08-2017,08:21:55	62.94759	-82.01611	34	0	4	4.4	118
01-08-2017,08:24:36	62.94755	-82.01591	40	0	4	4.4	122
01-08-2017,08:27:11	62.94764	-82.01742	0	3.7	4	5.0	132
01-08-2017,08:31:10	62.94771	-82.01677	6	0	3	5.2	76
01-08-2017,08:33:08	62.94765	-82.01525	56	0	3	5.3	125
01-08-2017,08:36:45	62.94761	-82.01619	32	0	3	6.0	143
01-08-2017,08:39:43	62.94760	-82.01602	38	0	3	6.2	146
01-08-2017,08:42:19	62.94753	-82.01494	54	37	3	7.0	130
01-08-2017,08:46:19	62.94762	-82.01624	36	0	3	8.1	137
01-08-2017,08:49:54	62.94761	-82.01624	40	0	3	10.0	100
01-08-2017,08:51:07	62.94774	-82.01823	8	29.6	3	11.0	135
01-08-2017,09:01:38	62.94764	-82.01639	26	0	4	3.0	130
01-08-2017,09:04:02	62.94756	-82.01597	38	0	3	4.3	109
01-08-2017,09:07:04	62.94757	-82.01619	22	0	3	4.2	133
01-08-2017,09:10:16	62.94762	-82.01623	24	0	3	4.1	111
01-08-2017,09:46:11	62.94760	-82.01616	34	0	3	2.4	175
01-08-2017,09:48:09	62.94996	-82.01501	-2	0	3	2.4	221
01-08-2017,09:51:08	62.94984	-82.01477	-18	0	3	2.4	219
01-08-2017,09:55:05	62.94970	-82.01490	-14	0	3	3.0	263
01-08-2017,09:57:07	62.94964	-82.01464	-14	3.7	3	3.0	251
01-08-2017,10:00:05	62.94958	-82.01533	-24	3.7	2	5.1	191
01-08-2017,10:03:04	62.95264	-82.02977	-14	63	3	3.1	327
01-08-2017,10:06:05	62.96285	-82.09134	-20	63	3	3.1	315
01-08-2017,10:09:04	62.97735	-82.14871	-12	66.7	3	3.1	322
01-08-2017,10:12:04	62.99447	-82.19855	0	55.6	3	3.2	322
01-08-2017,10:15:05	62.99501	-82.20091	-30	0	3	3.2	240
01-08-2017,10:18:29	62.99528	-82.20089	-8	0	3	3.2	325
01-08-2017,10:21:05	62.99561	-82.20128	-6	0	3	3.2	302
01-08-2017,10:26:17	62.99691	-82.20167	-10	0	3	3.3	307
01-08-2017,10:27:05	62.99691	-82.20212	-30	0	3	3.3	279
01-08-2017,10:30:05	62.99746	-82.20145	18	0	3	3.3	246
01-08-2017,10:33:06	62.98809	-82.16576	-24	77.8	3	3.3	302
01-08-2017,10:36:05	62.97090	-82.10015	12	74.1	3	3.4	318
01-08-2017,10:39:06	62.95421	-82.02918	42	85.2	3	3.4	324
01-08-2017,10:42:04	62.95278	-82.02536	-14	63	3	3.4	349
01-08-2017,10:45:31	62.97111	-82.08955	-2	70.4	7	1.0	355
01-08-2017,10:48:03	62.98739	-82.12897	8	63	4	1.2	368
01-08-2017,10:53:56	63.00014	-82.15576	4	0	5	1.1	279
01-08-2017,10:54:01	62.99997	-82.15536	38	0	3	2.2	319
01-08-2017,10:57:06	63.00039	-82.15606	-0	0	6	1.0	311
01-08-2017,11:00:58	63.00085	-82.15726	-6	0	6	1.0	305
01-08-2017,11:03:04	63.00115	-82.15749	-6	0	6	1.0	284
01-08-2017,11:06:04	63.00119	-82.15739	-4	0	6	1.0	300
01-08-2017,11:09:03	63.00111	-82.15709	38	0	3	1.1	230
01-08-2017,11:12:04	63.00083	-82.15669	46	0	3	2.2	292
01-08-2017,11:17:12	63.00128	-82.15640	4	0	6	1.0	337
01-08-2017,11:18:02	63.00146	-82.15636	6	0	4	2.1	332
01-08-2017,11:23:26	63.00233	-82.15630	18	0	6	1.0	336
01-08-2017,11:24:01	63.00233	-82.15613	-24	0	3	2.0	335
01-08-2017,11:27:05	63.00285	-82.15644	2	0	6	1.0	321
01-08-2017,11:31:01	63.00324	-82.15688	4	0	6	1.0	352
01-08-2017,11:33:03	63.00358	-82.15746	10	0	6	1.0	297
01-08-2017,11:36:05	63.00347	-82.15759	8	0	6	1.0	346
01-08-2017,11:39:04	63.00307	-82.15736	-12	0	6	1.0	303
01-08-2017,11:42:02	63.00304	-82.15737	58	0	4	2.3	300
01-08-2017,11:45:04	63.00258	-82.15753	-6	0	6	1.0	333
01-08-2017,11:48:37	63.00291	-82.15802	-8	0	6	1.0	362
01-08-2017,11:51:03	63.00273	-82.15858	-8	0	6	1.0	323
01-08-2017,11:56:24	63.00309	-82.15920	-8	0	6	1.0	333
01-08-2017,11:57:01	63.00310	-82.15835	-136	0	3	2.4	275
01-08-2017,12:00:05	63.00361	-82.15967	4	0	4	1.2	329
01-08-2017,12:03:58	63.00415	-82.16068	-4	0	4	1.2	349
01-08-2017,12:06:04	63.00443	-82.16161	14	0	4	1.2	322
01-08-2017,12:09:05	63.00449	-82.16252	8	0	4	1.2	330
01-08-2017,12:12:04	63.00436	-82.16252	-16	0	4	1.2	320
01-08-2017,12:15:03	63.00432	-82.16268	20	0	3	2.2	336
01-08-2017,12:18:05	63.00390	-82.16339	0	0	4	1.2	337
01-08-2017,12:23:34	63.00392	-82.16597	-0	0	4	1.2	352
01-08-2017,12:24:03	63.00395	-82.16649	8	0	4	1.1	345
01-08-2017,12:27:05	63.00391	-82.16775	-12	0	3	3.1	334
01-08-2017,12:31:01	63.00396	-82.17024	2	0	6	1.1	331
01-08-2017,12:33:06	63.00363	-82.17158	-14	0	6	1.1	304
01-08-2017,12:36:03	63.00318	-82.17352	22	0	3	2.3	273
01-08-2017,12:39:05	63.00256	-82.17456	-6	0	6	1.1	302
01-08-2017,12:42:05	62.99564	-82.20261	6	0	6	1.1	351
01-08-2017,12:45:04	62.99569	-82.20318	2	0	3	3.2	303
01-08-2017,12:50:21	62.99511	-82.20649	-8	0	5	1.2	339
01-08-2017,12:51:07	62.99501	-82.20703	-8	0	5	1.1	340
01-08-2017,12:55:55	62.99448	-82.21027	-0	0	6	1.1	329
01-08-2017,12:57:05	62.99437	-82.21123	0	0	6	1.1	340
01-08-2017,13:01:02	62.99470	-82.21286	-8	0	5	1.2	343
01-08-2017,13:03:04	62.99502	-82.21291	-8	0	2	5.1	334
01-08-2017,13:06:04	62.99307	-82.21191	-18	66.7	3	5.2	332
01-08-2017,13:09:05	62.98196	-82.13501	-0	85.2	4	2.3	336
01-08-2017,13:12:05	62.96387	-82.05731	22	92.6	5	1.2	343
01-08-2017,13:15:49	62.95122	-82.02155	-34	51.9	4	6.3	351
01-08-2017,13:18:05	62.96871	-82.04081	-158	63	4	6.0	359
01-08-2017,13:21:06	62.99378	-82.06695	-68	66.7	4	5.1	335
01-08-2017,13:26:28	63.00006	-82.07263	-24	0	4	4.1	333
01-08-2017,13:27:06	63.00013	-82.07250	-20	7.4	3	5.3	321
01-08-2017,13:32:31	63.00111	-82.07270	-12	0	7	1.0	331
01-08-2017,13:33:02	63.00117	-82.07247	-44	3.7	4	2.1	270
01-08-2017,13:36:10	63.00171	-82.07205	-14	0	5	1.1	309
01-08-2017,13:39:02	63.00185	-82.07157	4	0	5	1.1	245
01-08-2017,13:42:04	63.00173	-82.07065	0	0	4	2.0	291
01-08-2017,13:45:02	63.00178	-82.07002	-68	0	3	2.2	235
01-08-2017,13:48:43	63.00169	-82.07067	6	0	5	1.1	323
01-08-2017,13:51:03	63.00206	-82.07079	-16	0	4	2.0	245
01-08-2017,13:55:37	63.00204	-82.07167	-8	0	5	1.2	338
01-08-2017,13:57:03	63.00227	-82.07224	0	0	4	2.0	213
01-08-2017,14:00:07	63.00226	-82.07150	18	0	3	5.2	339
01-08-2017,14:04:33	63.00279	-82.07297	8	0	5	1.2	340
01-08-2017,14:06:05	63.00286	-82.07304	24	0	4	1.3	289
01-08-2017,14:09:05	63.00311	-82.07358	-12	0	5	1.2	349
01-08-2017,14:13:35	63.00273	-82.07487	-6	3.7	5	1.2	347
01-08-2017,14:15:04	63.00265	-82.07526	24	0	4	2.1	304
01-08-2017,14:18:02	63.00240	-82.07552	-22	3.7	4	2.1	216
01-08-2017,14:21:22	63.00225	-82.07495	-10	0	5	1.2	330
01-08-2017,14:24:04	63.00203	-82.07439	-34	0	5	1.2	205
01-08-2017,14:27:04	63.00189	-82.07513	6	37	5	1.3	356
01-08-2017,14:30:02	62.99577	-82.12906	-18	51.9	5	1.3	280
01-08-2017,14:33:04	62.98888	-82.18176	-14	55.6	5	1.3	363
01-08-2017,14:38:35	62.99327	-82.21299	-6	0	5	1.3	350
01-08-2017,14:39:01	62.99318	-82.21306	6	0	3	2.1	351
01-08-2017,14:42:35	62.99422	-82.21588	-4	0	5	1.3	320
01-08-2017,14:45:04	62.99394	-82.21527	20	0	4	2.1	346
01-08-2017,14:48:05	62.98743	-82.16797	-2	85.2	4	2.1	330
01-08-2017,14:51:04	62.97147	-82.08860	-2	88.9	4	2.1	365
01-08-2017,14:54:04	62.94830	-82.01555	30	92.6	4	2.2	363
01-08-2017,14:57:03	62.95960	-82.03731	-2	51.9	4	2.2	272
01-08-2017,15:00:08	62.97002	-82.08869	4	63	4	2.2	220
01-08-2017,15:03:04	62.97971	-82.13865	-2	55.6	4	2.3	310
01-08-2017,15:06:04	62.98903	-82.18087	-20	0	4	2.3	295
01-08-2017,15:09:26	62.98856	-82.18363	-2	3.7	4	2.4	337
01-08-2017,15:13:19	62.98881	-82.18734	-6	0	4	3.0	337
01-08-2017,15:16:52	62.98939	-82.19056	-0	0	4	3.1	329
01-08-2017,15:20:29	62.98980	-82.19400	0	0	4	3.2	336
01-08-2017,15:23:43	62.99037	-82.19713	-4	0	4	3.3	329
01-08-2017,15:24:05	62.99045	-82.19749	-4	3.7	4	3.3	344
01-08-2017,15:27:04	62.99055	-82.20033	2	0	3	4.1	346
01-08-2017,15:30:09	62.99094	-82.20360	-8	0	3	4.3	338
01-08-2017,15:33:05	62.99138	-82.20505	6	0	3	5.0	338
01-08-2017,15:36:08	62.99688	-82.21960	4	0	3	5.3	296
01-08-2017,15:41:26	62.99770	-82.22223	-2	0	3	6.4	326
01-08-2017,15:42:04	62.99760	-82.22198	14	0	3	7.0	335
01-08-2017,15:46:02	62.99853	-82.22362	-2	0	7	1.0	341
01-08-2017,15:48:05	62.99879	-82.22475	2	0	7	1.0	293
01-08-2017,15:51:07	62.99953	-82.22574	20	0	5	2.1	294
01-08-2017,15:54:04	63.00031	-82.22641	-2	0	6	1.1	264
01-08-2017,15:57:03	63.00040	-82.22699	-4	7.4	4	2.3	237
01-08-2017,16:00:07	63.00073	-82.22744	-10	22.2	3	2.2	292
01-08-2017,16:03:04	63.02148	-82.23936	-14	29.6	6	1.0	335
01-08-2017,16:07:20	63.02244	-82.24034	-0	0	5	1.2	322
01-08-2017,16:09:11	63.02271	-82.24094	-2	0	3	4.0	148
01-08-2017,16:13:17	63.02337	-82.24111	-2	0	5	1.2	308
01-08-2017,16:15:05	63.02387	-82.24207	34	0	3	4.3	294
01-08-2017,16:20:39	63.02420	-82.24385	-0	0	4	2.3	317
01-08-2017,16:21:03	63.02439	-82.24401	-30	0	4	2.3	312
01-08-2017,16:24:07	63.02475	-82.24516	-8	0	3	3.2	245
01-08-2017,16:27:30	63.02510	-82.24603	-2	0	4	2.2	314
01-08-2017,16:30:04	63.02543	-82.24713	2	0	3	2.4	251
01-08-2017,16:34:15	63.02589	-82.24847	-8	0	4	2.2	299
01-08-2017,16:36:05	63.02621	-82.24929	10	0	4	2.2	286
01-08-2017,16:39:03	63.02622	-82.24968	-2	0	4	2.1	240
01-08-2017,16:42:04	63.02614	-82.24994	16	0	3	2.1	279
01-08-2017,16:45:03	63.02613	-82.25007	-40	0	4	2.0	268
01-08-2017,16:48:24	63.02591	-82.24979	-10	0	4	2.0	310
01-08-2017,16:51:05	63.02561	-82.24959	-48	0	3	2.0	269
01-08-2017,16:54:03	63.02585	-82.24988	-26	0	3	2.0	309
01-08-2017,16:57:24	63.02621	-82.24976	-4	0	4	2.0	334
01-08-2017,17:00:04	63.02657	-82.25014	-12	0	3	2.1	248
01-08-2017,17:03:41	63.02723	-82.25129	-20	0	4	2.0	328
01-08-2017,17:06:03	63.02767	-82.25223	-74	0	3	2.2	332
01-08-2017,17:10:21	63.02812	-82.25276	-8	0	4	2.1	339
01-08-2017,17:12:05	63.02831	-82.25303	20	0	3	2.2	297
01-08-2017,17:18:03	63.02903	-82.25487	-14	0	4	2.2	351
01-08-2017,17:21:04	63.02930	-82.25509	4	0	3	2.4	313
01-08-2017,17:25:27	63.02982	-82.25644	-8	0	4	2.3	344
01-08-2017,17:27:05	63.03004	-82.25669	-4	0	3	3.0	339
01-08-2017,17:31:37	63.03075	-82.25692	-0	0	4	2.4	333
01-08-2017,17:33:05	63.03104	-82.25740	-16	0	3	3.1	341
01-08-2017,17:36:07	63.03110	-82.25726	-2	0	4	3.0	337
01-08-2017,17:39:05	63.03088	-82.25720	-0	0	4	3.1	279
01-08-2017,17:42:05	63.03075	-82.25718	-18	0	3	3.2	329
01-08-2017,17:45:05	63.03063	-82.25618	8	0	3	3.3	310
01-08-2017,17:48:27	63.03063	-82.25569	-4	0	3	3.3	293
01-08-2017,17:53:25	63.03088	-82.25645	-2	0	3	3.4	349
01-08-2017,17:54:05	63.03093	-82.25649	0	0	3	3.4	340
01-08-2017,18:00:02	63.03144	-82.25716	-4	0	7	0.4	346
01-08-2017,18:03:03	63.03193	-82.25750	-18	0	4	1.3	267
01-08-2017,18:06:35	63.03214	-82.25799	-12	0	6	1.2	328
01-08-2017,18:09:04	63.03172	-82.25855	-18	0	4	1.3	342
01-08-2017,18:13:36	63.03186	-82.26024	-6	0	7	0.4	339
01-08-2017,18:15:04	63.03152	-82.26048	2	0	7	0.4	339
01-08-2017,18:18:11	63.03110	-82.26095	-4	0	6	1.2	286
01-08-2017,18:21:04	63.03078	-82.26075	-8	0	5	1.4	252
01-08-2017,18:24:03	63.03009	-82.26102	-92	3.7	4	2.1	182
01-08-2017,18:27:11	63.03030	-82.26104	-0	0	6	1.3	308
01-08-2017,18:30:03	63.01980	-82.30973	2	74.1	5	1.4	344
01-08-2017,18:33:05	63.01139	-82.37390	-4	66.7	4	3.0	360
01-08-2017,18:36:06	63.01005	-82.42687	-74	3.7	3	4.0	247
01-08-2017,18:39:06	63.00941	-82.42616	6	0	4	1.4	292
01-08-2017,18:42:15	63.00890	-82.42515	0	0	5	1.4	326
01-08-2017,18:45:04	63.00941	-82.42491	-10	0	3	2.0	272
01-08-2017,18:48:05	63.02373	-82.43766	-16	51.9	5	1.4	331
01-08-2017,18:51:04	63.04589	-82.45733	34	51.9	4	4.4	352
01-08-2017,18:55:42	63.05196	-82.46640	0	0	5	1.4	301
01-08-2017,18:57:04	63.05196	-82.46648	-12	0	4	1.4	287
01-08-2017,19:00:18	63.05226	-82.46605	-0	0	5	1.3	286
01-08-2017,19:05:08	63.05294	-82.46567	-0	0	5	1.3	324
01-08-2017,19:06:04	63.05278	-82.46573	-38	0	4	4.0	313
01-08-2017,19:10:18	63.05330	-82.46597	-12	0	5	1.3	337
01-08-2017,19:12:05	63.05339	-82.46619	-0	0	4	3.2	280
01-08-2017,19:16:41	63.05374	-82.46744	2	0	4	3.0	324
01-08-2017,19:18:05	63.05330	-82.46799	-94	0	3	3.1	275
01-08-2017,19:21:04	63.05356	-82.46823	50	0	3	2.4	285
01-08-2017,19:24:04	63.05309	-82.46784	36	0	3	2.3	236
01-08-2017,19:27:05	63.05268	-82.46789	8	0	3	2.2	283
01-08-2017,19:30:03	63.05243	-82.46801	-14	0	3	2.2	308
01-08-2017,19:33:06	63.05308	-82.46826	10	0	3	2.1	292
01-08-2017,19:37:42	63.05367	-82.46774	-4	0	3	2.0	300
01-08-2017,19:39:05	63.05379	-82.46749	-4	0	3	2.0	314
01-08-2017,19:42:46	63.05412	-82.46598	-2	0	3	2.0	341
01-08-2017,19:47:24	63.05346	-82.46405	0	0	3	1.4	329
01-08-2017,19:48:02	63.05330	-82.46392	0	0	3	1.4	329
01-08-2017,19:52:14	63.05197	-82.46436	0	0	3	1.4	328
01-08-2017,19:54:04	63.05144	-82.46482	18	3.7	3	1.4	304
01-08-2017,19:57:59	63.05010	-82.46460	-4	3.7	3	1.3	290
01-08-2017,20:00:05	63.04929	-82.46547	-6	0	3	1.3	295
01-08-2017,20:03:04	63.04857	-82.46606	-6	0	3	1.3	328
01-08-2017,20:06:07	63.04822	-82.46676	-6	0	3	1.3	335
01-08-2017,20:09:12	63.04737	-82.46787	-8	0	3	1.3	293
01-08-2017,20:12:05	63.04718	-82.46840	-4	0	2	2.4	294
01-08-2017,20:15:05	63.04711	-82.47210	6	66.7	3	1.3	334
01-08-2017,20:18:05	63.04289	-82.50945	-14	0	3	1.2	340
01-08-2017,20:21:07	63.04212	-82.50835	-0	0	2	2.3	305
01-08-2017,20:24:30	63.03510	-82.46399	0	66.7	5	1.1	274
01-08-2017,20:27:01	63.02665	-82.41142	-2	63	3	1.4	162
01-08-2017,20:30:05	63.02603	-82.34726	-0	70.4	5	1.1	273
01-08-2017,20:33:04	63.01554	-82.27681	-10	81.5	5	1.1	303
01-08-2017,20:36:03	62.99625	-82.21459	-6	77.8	5	1.1	307
01-08-2017,20:39:04	62.98226	-82.14774	-0	70.4	5	1.1	273
01-08-2017,20:42:04	62.96710	-82.08575	8	74.1	6	0.4	306
01-08-2017,20:45:04	62.95102	-82.01964	18	70.4	5	1.1	311
01-08-2017,20:48:30	62.94765	-82.01556	40	0	3	6.4	135
01-08-2017,20:51:06	62.94747	-82.01601	-14	0	3	5.4	168
01-08-2017,20:54:32	62.94757	-82.01624	42	0	4	1.1	159
01-08-2017,20:57:04	62.94913	-82.01541	76	63	3	7.2	285
01-08-2017,21:00:05	62.95218	-82.01390	-22	0	4	1.1	230
01-08-2017,21:03:05	62.95196	-82.01341	40	3.7	4	1.1	274
01-08-2017,21:06:02	62.95145	-82.01506	-50	0	4	1.1	273
01-08-2017,21:09:04	62.95043	-82.01604	4	0	5	1.0	263
01-08-2017,21:12:03	62.94962	-82.01678	26	0	4	1.3	267
01-08-2017,21:15:22	62.94864	-82.01610	24	0	6	1.1	239
01-08-2017,21:18:03	62.94814	-82.01581	-30	3.7	4	1.2	213
01-08-2017,21:21:11	62.94812	-82.01458	6	0	6	1.0	248
01-08-2017,21:24:10	62.94812	-82.01297	2	0	6	1.0	260
01-08-2017,21:27:04	62.94868	-82.01158	-2	0	6	1.0	261
01-08-2017,21:30:08	62.94908	-82.01109	32	0	4	1.2	254
01-08-2017,21:33:03	62.94907	-82.01074	-26	0	4	2.0	238
01-08-2017,21:36:03	62.94906	-82.01092	-22	0	4	1.1	262
01-08-2017,21:39:08	62.94918	-82.01005	4	0	4	1.1	253
01-08-2017,21:42:04	62.94853	-82.01358	22	66.7	5	1.0	264
01-08-2017,21:45:41	62.94767	-82.01607	42	0	5	1.3	114
01-08-2017,21:48:06	62.94766	-82.01617	42	0	3	4.1	111
01-08-2017,21:51:15	62.94767	-82.01563	50	0	4	1.4	116
01-08-2017,21:54:23	62.94759	-82.01635	28	0	5	1.3	118
01-08-2017,21:57:35	62.94763	-82.01627	36	3.7	4	2.1	113
01-08-2017,22:00:22	62.94748	-82.01699	-0	3.7	4	2.1	144
01-08-2017,22:03:29	62.94760	-82.01608	34	0	3	2.0	127
01-08-2017,22:06:59	62.94752	-82.01721	-4	0	5	1.4	119
01-08-2017,22:09:08	62.94755	-82.01640	20	0	4	3.2	125
01-08-2017,22:12:20	62.94759	-82.01623	28	0	5	2.0	154
01-08-2017,22:15:06	62.94796	-82.01619	50	0	3	4.1	132
01-08-2017,22:18:06	62.94773	-82.01604	34	0	3	4.1	108
01-08-2017,22:21:15	62.94758	-82.01664	12	0	5	1.4	166
01-08-2017,22:24:09	62.94759	-82.01609	26	7.4	3	7.3	125
01-08-2017,22:27:07	62.94737	-82.01662	-26	0	3	5.1	129
01-08-2017,22:31:24	62.94755	-82.01632	18	0	4	3.2	122
01-08-2017,22:38:05	62.94734	-82.01716	-44	0	4	3.0	134
01-08-2017,22:39:14	62.94747	-82.01661	-2	0	3	12.3	116
01-08-2017,22:42:34	62.94760	-82.01610	34	0	4	2.3	119
01-08-2017,22:45:09	62.94739	-82.01751	-48	74.1	3	7.0	95
01-08-2017,22:49:01	62.94763	-82.01600	40	0	3	5.3	102
01-08-2017,22:51:42	62.94785	-82.01399	134	0	4	2.1	118
01-08-2017,22:54:32	62.94763	-82.01647	18	0	3	4.4	94
01-08-2017,22:57:26	62.94788	-82.01472	96	18.5	3	4.3	113
01-08-2017,23:00:54	62.94766	-82.01577	48	0	2	4.0	110
01-08-2017,23:40:28	62.94761	-82.01627	30	0	3	5.3	118
01-08-2017,23:42:38	62.94760	-82.01602	40	0	3	5.2	124
01-08-2017,23:45:08	62.94772	-82.01721	-0	3.7	3	5.2	102
01-08-2017,23:48:41	62.94760	-82.01619	28	0	3	5.1	117
01-08-2017,23:51:45	62.94762	-82.01621	32	0	3	5.0	117
01-08-2017,23:54:11	62.94763	-82.01621	34	3.7	3	5.0	118
01-08-2017,23:57:56	62.94759	-82.01676	34	3.7	3	4.4	102
02-08-2017,00:00:42	62.94761	-82.01618	36	0	3	4.3	114
02-08-2017,00:09:20	62.94764	-82.01618	34	0	3	6.1	106
02-08-2017,00:13:14	62.94764	-82.01608	42	0	3	10.3	108
02-08-2017,00:24:04	62.94764	-82.01610	42	0	2	5.3	104
02-08-2017,00:27:09	62.94738	-82.01675	-38	0	3	7.4	108
02-08-2017,00:30:51	62.94765	-82.01601	42	0	3	6.1	99
02-08-2017,00:34:18	62.94765	-82.01649	30	0	3	5.2	89
02-08-2017,00:36:09	62.94731	-82.01689	-10	3.7	3	5.1	117
